+ 10

56

56

112

+ 10

20

40

60

+ 10

1

1

2

+ 10

56

14

70

+ 10

999

1

1000

+ 10

199

2

201

+ 10

500

500

1000

+ 10

991

119

1110

+ 10

99999

99999

199998

+ 10

9999999999999999999999999999999999999999

1

10000000000000000000000000000000000000000

+ 2

1

1

10

+ 2

101

10

111

+ 2

111100

000011

111111

+ 2

1110000

0010000

10000000

+ 4

321

21

1002

+ 5

4321

321

10142

+ 5

4321

421

10242

+ 10

2400

400

2800

% 10

2800

7

0

+ 7

6666

1111

11110

+ 16

A3

10

B3

^ 8

63

7

15036166036133

% 2

1000011

10101

100

10 16

980

3D4

14

E

100

64

+ 16

A3

10

B3

^ 8

3

7

4213

% 2

01000011

10101

100

10 16

980

3D4

+ 16

A3

10

B3

^ 8

63

7

15036166036133

% 2

01000011

10101

100

10 16

980

3D4

+ 16

A3

10

B3

^ 9

63

7

6825834463000

% 2

01000011

10101

100

10 16

980

3D4

* 10

125

18

2250

* 10

0

0

0

* 10

7

7

49

* 10

49

7

343

* 10

7

0

0

* 10

58

79

4582

* 10

888888

777777

691356641976

* 10

13

1

13

* 10

1

1

1

* 10

888

1

888

* 10

0

7

0

* 10

1

888

888

* 10

1234819238575723485123749784757163981822

1234

1523766940402442780642707234390340353568348

* 10

16

0

0

* 10

0

16

0

* 10

0

12341234

0

* 10

12341234

1

12341234

/ 10

16

13

1

/ 10

112

10

11

/ 10

100

10

10

/ 10

101

10

10

/ 10

1010

10

101

/ 10

1111

11

101

/ 10

13263912

13

1020300

/ 10

12469056

101

123456

/ 10

12469057

101

123456

/ 10

12469156

101

123456

/ 10

12469157

101

123457

/ 10

9999999999999999999999999999999999999999

99999

100001000010000100001000010000100001

/ 10

9999999999999999999999999999999999999999

33333

300003000030000300003000030000300003

/ 10

1

10

0

/ 10

3

100000000000000000

0

/ 10

8

9

0

/ 10

98

99

0

/ 10

122

8

15

^ 10

10

4

10000

^ 10

11

2

121

^ 10

7

3

343

^ 10

2

10

1024

^ 10

3

10

59049

^ 10

11

11

285311670611

^ 10

123456789

1

123456789

^ 10

10

15

1000000000000000

^ 10

123456789

2

15241578750190521

^ 10

9999999999999999999999999999999999999999

2

99999999999999999999999999999999999999980000000000000000000000000000000000000001

^ 10

111213141516171819

5

17012985964864694156189373964317156314137634414813634881454161520687426428648959815099

% 10

11

10

1

% 10

12

10

2

% 10

10

10

0

% 10

1234

10

4

% 10

1414

10

4

% 10

16

2

0

% 10

365

17

8

% 10

999999999999999999999999999999999999999

2

1

% 10

999999999999999999999999999999999999999

3

0

% 10

8488484848484848485

4

1

+ 10

10

20

30

^ 10

10

10

10000000000

% 10

10

10

0

16 10

3D4

980

8 10

1724

980

2 10

1111010100

980

16 10

457

1111

8 10

2127

1111

2 10

10001010111

1111

16 10

6F

111

8 10

157

111

2 10

1101111

111

16 10

0

0

8 10

0

0

2 10

0

0

16 10

F

15

8 10

17

15

2 10

1111

15

16 10

A

10

8 10

12

10

2 10

1010

10

16 10

1

1

8 10

1

1

2 10

1

1

10 16

980

3D4

10 8

980

1724

10 2

980

1111010100

10 16

111

6F

10 8

111

157

10 2

111

1101111

10 16

1

1

10 8

1

1

10 2

1

1

10 15

1

1

10 15

16

11

/ 10

122

8

15

/ 10

130

2

65

/ 10

1122

113

9

10 10

1234

1234

10 10

99099

99099

16 8

6F

157

16 2

6F

1101111

8 16

157

6F

2 16

1101111

6F

/ 10

2800

7

400

+ 16

A3

10

B3

^ 8

63

7

15036166036133

% 2

1000011111

10101

10010

10 16

980

3D4

